%YAML:1.0
# This camera params are used when working with single camera
# General sensor definitions.
camera_id: left_cam

# Sensor extrinsics wrt. the body-frame.
# Rotation is RFU to BDR 
T_BS:
#   cols: 4
#   rows: 4
#   data: [0.0,  0.0,  1.0,  0.107,
#         -1.0,  0.0,  0.0,  0.0,
#          0.0, -1.0,  0.0, -0.002,
#          0.0,  0.0,  0.0,  1.0]
  cols: 4
  rows: 4
  data: [1.0,  0.0, 0.0,  0.107,
         0.0,  1.0, 0.0,  0.0,
         0.0,  0.0, 1.0, -0.002,
         0.0,  0.0, 0.0,  1.0]

# Camera specific definitions.
rate_hz: 20
resolution: [752, 480]
camera_model: pinhole
intrinsics: [227.51314, 228.15949, 375.53115, 240.62293] #fu, fv, cu, cv
distortion_model: equidistant 
distortion_coefficients: [0.018658403355963006, -0.0002670905345555619, 0.0025523971194075594, -0.001114949185918004]

# fisheye_calibration-camchain.yaml from kalibr ------------------------------------------
#cam0:
#  cam_overlaps: []
#  camera_model: pinhole
#  distortion_coeffs: [0.018658403355963006, -0.0002670905345555619, 0.0025523971194075594, -0.001114949185918004]
#  distortion_model: equidistant
#  intrinsics: [227.51314493500365, 228.15948740616443, 375.53114725416026, 240.62293441717577]
#  resolution: [752, 480]
#  rostopic: /uav1/vio/camera/image_raw


# sensor.yaml in Euroc cam0 -------------------------------------------------
## Sensor extrinsics wrt. the body-frame.
#T_BS:
#  cols: 4
#  rows: 4
#  data: [0.0148655429818, -0.999880929698, 0.00414029679422, -0.0216401454975,
#         0.999557249008, 0.0149672133247, 0.025715529948, -0.064676986768,
#        -0.0257744366974, 0.00375618835797, 0.999660727178, 0.00981073058949,
#         0.0, 0.0, 0.0, 1.0]
#
## Camera specific definitions.
#rate_hz: 20
#resolution: [752, 480]
#camera_model: pinhole
#intrinsics: [458.654, 457.296, 367.215, 248.375] #fu, fv, cu, cv
#distortion_model: radial-tangential
#distortion_coefficients: [-0.28340811, 0.07395907, 0.00019359, 1.76187114e-05]

