%YAML:1.0
# General sensor definitions.
camera_id: right_cam


# Sensor extrinsics wrt. the body-frame.
# Rotation is RFU to BDR
T_BS:
  cols: 4
  rows: 4
  data: [0.0,  0.0,  1.0,  0.214, # 0.107
        -1.0,  0.0,  0.0,  0.0,
         0.0, -1.0,  0.0, -0.002,
         0.0,  0.0,  0.0,  1.0]

# Camera specific definitions.
rate_hz: 20
resolution: [752, 480]
camera_model: pinhole
intrinsics: [227.51314, 228.15949, 375.53115, 240.62293] #fu, fv, cu, cv
distortion_model: equidistant 
distortion_coefficients: [0.018658403355963006, -0.0002670905345555619, 0.0025523971194075594, -0.001114949185918004]




## Sensor extrinsics wrt. the body-frame.
#T_BS:
#  cols: 4
#  rows: 4
#  data: [0.0, -1.0, 0.0, 0.0,
#         1.0,  0.0, 0.0, 0.0,
#         0.0,  0.0, 1.0, 0.0,
#         0.0,  0.0, 0.0, 1.0]
#
## Camera specific definitions.
#rate_hz: 20
#resolution: [1280,720]
#camera_model: pinhole
#intrinsics: [458.654, 457.296, 367.215, 248.375] #fu, fv, cu, cv
#distortion_model: radial-tangential
#distortion_coefficients: [-0.28340811, 0.07395907, 0.00019359, 1.76187114e-05]
